1101
1351
1601
2201
2351
2601
2651
2701
2901
3401
3501
3651
3751
3801
3851
4001
4051
4101
4151
4251
4301
4401
4451
4551
4601
4701
4801
4901
5001
5051
5101
5151
5251
5401
5451
5501
5551
5651
5801
5851
5901
6001
6251
6301
6351
6451
6501
6551
6601
6751
6851
6951
7001
7051
7151
7201
7251
7401
7501
7551
7601
7651
7751
7801
7851
7901
7951
8001
8051
8101
8151
8201
8251
8351
8401
8451
8551
8601
8651
8801
8851
8951
9001
9051
9101
9151
9201
9251
9301
9451
9501
9551
9651
9751
9801
9851
9951
10051
10151
10201
10251
10301
10401
10501
10551
10801
10851
10901
11101
11151
11201
11251
11301
11351
11401
11501
11651
11701
11751
11851
11901
11951
12051
12101
12151
12201
12251
12301
12351
12401
12451
12501
12551
12601
12651
12751
12901
12951
13001
13101
13251
13301
13351
13401
13451
13501
13551
13601
13651
13701
13801
13851
13901
14001
14051
14101
14201
14251
14301
14451
14651
15051
15151
15201
15251
15351
15501
15551
15601
15751
15801
15851
15951
16051
16151
16251
16351
16401
16451
16601
16651
16701
16801
16851
16901
16951
17201
17401
17451
17501
17551
17601
17651
17701
17751
17801
18001
18051
18101
18151
18201
18301
18351
18401
18451
18501
18551
18651
18701
18751
18801
18901
19001
19051
19101
19151
19201
19251
19351
19401
19451
19551
19601
19651
19701
19751
19851
19901
19951
20051
20151
20251
20301
20351
20401
20451
20501
20601
20651
20751
20801
21001
21101
21201
21301
21351
21451
21501
21551
21651
21701
21751
21801
21901
21951
22001
22051
22101
22201
22251
22301
22351
22401
22451
22501
22551
22601
22651
22701
22801
22951
23001
23051
23101
23151
23251
23301
23351
23401
23451
23501
23601
23651
23701
23751
23801
23851
23951
24001
24101
24151
24201
24251
24301
24351
24401
24451
24501
24601
24651
24751
24851
24901
24951
25001
25051
25101
25151
25301
25351
25401
25501
25601
25651
25701
25801
25851
25901
25951
26001
26101
26151
26201
26251
26301
26351
26401
26501
26551
26601
26851
26901
26951
27001
27051
27101
27201
27301
27501
27551
27601
27651
27701
27801
27951
28051
28151
28201
28251
28301
28351
28401
28551
28601
28701
28751
28801
28851
28951
29051
29101
29151
29201
29401
29451
29651
29701
29801
29851
29901
29951
30001
30051
30101
30151
30251
30301
30351
30401
30451
30551
30601
30651
30751
30801
30901
30951
31001
31151
31201
31251
31351
31401
31451
31551
31601
31651
31701
31801
31851
31901
31951
32001
32201
32251
32301
32351
32401
32501
32601
32651
32751
32951
33151
33251
33301
33351
33401
33451
33501
33551
33601
33701
33751
